alpha: 5.1, T points: 101
x0: 6.380489685459042, p20: -0.3336899225825916
Discrepancy: [-4.8607451397231216e-11, 2.1862355675805745e-12]