alpha: 1, T points: 101
x0: 8.643337811787305, p20: -0.43882457309143263
Discrepancy: [6.9111383282915995e-15, -3.122502256758253e-17]