alpha: 0, T points: 101
x0: 9.999999999867876, p20: -0.4999999999967246
Discrepancy: [-5.3520438081378074e-11, 3.275364354737853e-12]