alpha: 0.1, T points: 101
x0: 9.82065315702208, p20: -0.4919831833172851
Discrepancy: [-8.530476325319114e-11, 4.923145224822179e-13]